params = list(
  list(n = 200,
       p = c(0.057, 0.077, 0.105, 0.078, 0.105, 0.141, 0.105, 0.141, 0.191)),
  list(n = 200,
       p = c(0.066, 0.072, 0.078, 0.084, 0.071, 0.078, 0.087, 0.096, 0.076, 0.086,
             0.097, 0.109)),
  list(n = 400,
       p = c(0.024, 0.033, 0.044, 0.059, 0.080, 0.033, 0.044, 0.059, 0.080, 0.108,
             0.044, 0.059, 0.080, 0.108, 0.145)),
  list(n = 400,
       p = c(0.024, 0.031, 0.041, 0.056, 0.031, 0.041, 0.056, 0.075, 0.041, 0.056,
             0.075, 0.102, 0.056, 0.075, 0.102, 0.138)),
  list(n = 600,
       p = c(0.016, 0.020, 0.028, 0.037, 0.050, 0.020, 0.028, 0.037, 0.050, 0.068,
             0.028, 0.037, 0.050, 0.068, 0.092, 0.037, 0.050, 0.068, 0.092, 0.124)),
  list(n = 1100,
       p = c(0.010, 0.010, 0.010, 0.010, 0.010, 0.010, 0.010, 0.010, 0.010, 0.010,
             0.020, 0.020, 0.020, 0.020, 0.020, 0.020, 0.020, 0.020, 0.020, 0.020,
             0.050, 0.050, 0.050, 0.050, 0.500)),
  list(n = 2200,
       p = c(0.021, 0.023, 0.025, 0.028, 0.030, 0.033, 0.023, 0.026, 0.028, 0.031,
             0.034, 0.037, 0.025, 0.028, 0.031, 0.034, 0.038, 0.042, 0.028, 0.031,
             0.034, 0.038, 0.042, 0.047, 0.030, 0.034, 0.038, 0.042, 0.047, 0.052)),
  list(n = 700,
       p = c(0.021, 0.019, 0.020, 0.021, 0.023, 0.024, 0.019, 0.021, 0.022, 0.024,
             0.026, 0.028, 0.020, 0.022, 0.024, 0.027, 0.029, 0.032, 0.021, 0.024,
             0.027, 0.030, 0.033, 0.037, 0.023, 0.026, 0.029, 0.033, 0.038, 0.043,
             0.024, 0.028, 0.032, 0.037, 0.043, 0.050)),
  list(n = 600,
       p = 0.02*rep(1,50)))
